50000 0.5 976.89 1.62329e+06 0.0206005
100000 1 1537.36 4.02474e+06 0.0217319
150000 1.5 2069.57 7.26306e+06 0.0174407
200000 2 2603.65 1.1459e+07 0.0142182
250000 2.5 3136.42 1.65829e+07 0.011443
300000 3 3668.25 2.26338e+07 0.00923346
350000 3.5 4198.45 2.96737e+07 0.0100553
400000 4 4731.27 3.76542e+07 0.00927318
450000 4.5 5263.44 4.66452e+07 0.0102266
500000 5 5793.2 5.63679e+07 0.00773672
550000 5.5 6335.05 6.72058e+07 0.00475085
600000 6 6876.16 7.9222e+07 0.00532327
650000 6.5 7404.28 9.17722e+07 0.00437569
700000 7 7929.36 1.05394e+08 0.0057492
750000 7.5 8454.55 1.19942e+08 0.00679379
800000 8 8979.01 1.35373e+08 0.00745724
850000 8.5 9511.93 1.51697e+08 0.0059799
900000 9 10044.8 1.69051e+08 0.005282
950000 9.5 10571.2 1.87184e+08 0.00501966
1000000 10 11092.3 2.06019e+08 0.00464599
1050000 10.5 11611.9 2.25696e+08 0.00431887
1100000 11 12133.1 2.46673e+08 0.00537188
1150000 11.5 12658.6 2.68457e+08 0.00520871
1200000 12 13182.6 2.91677e+08 0.00704387
1250000 12.5 13707.4 3.15426e+08 0.00725968
1300000 13 14234.4 3.40014e+08 0.00685886
1350000 13.5 14760.7 3.65638e+08 0.0069068
1400000 14 15289.6 3.91969e+08 0.00603036
1450000 14.5 15821.9 4.19623e+08 0.00576034
1500000 15 16354.2 4.4846e+08 0.00604393
1550000 15.5 16886.2 4.7808e+08 0.00597688
1600000 16 17423.9 5.08998e+08 0.00595489
1650000 16.5 17966.3 5.41021e+08 0.00565174
1700000 17 18503 5.74033e+08 0.00601054
1750000 17.5 19032.5 6.07578e+08 0.00638065
1800000 18 19560 6.4192e+08 0.00668975
1850000 18.5 20078.8 6.76526e+08 0.0068351
1900000 19 20605.8 7.12621e+08 0.0070006
1950000 19.5 21138 7.51155e+08 0.00867544
2000000 20 21674.4 7.90427e+08 0.00952772
2050000 20.5 22200 8.30405e+08 0.0109625
2100000 21 22737.4 8.71234e+08 0.0111274
2150000 21.5 23277.8 9.13198e+08 0.0111875
2200000 22 23813.7 9.55773e+08 0.0112365
2250000 22.5 24356.4 9.99262e+08 0.0106579
2300000 23 24896.2 1.04296e+09 0.00960707
2350000 23.5 25432 1.08672e+09 0.0081103
2400000 24 25966.3 1.13146e+09 0.0068602
2450000 24.5 26509.9 1.17736e+09 0.00518125
2500000 25 27056.9 1.22418e+09 0.0033177
2550000 25.5 27596.2 1.27217e+09 0.00229434
2600000 26 28132.2 1.32054e+09 0.00113916
2650000 26.5 28670.2 1.36948e+09 -0.000355896
2700000 27 29205.1 1.41993e+09 -0.00114898
2750000 27.5 29733.6 1.47103e+09 -0.00165908
2800000 28 30260.1 1.52299e+09 -0.00204846
2850000 28.5 30786.3 1.57434e+09 -0.00337292
2900000 29 31334.2 1.62965e+09 -0.00411668
2950000 29.5 31890.1 1.68686e+09 -0.00478511
3000000 30 32442 1.74526e+09 -0.00506071
3050000 30.5 33011.4 1.8076e+09 -0.00476305
3100000 31 33562.4 1.86845e+09 -0.00476429
3150000 31.5 34106.4 1.92952e+09 -0.00475658
3200000 32 34655.5 1.99176e+09 -0.00495071
3250000 32.5 35210.1 2.05472e+09 -0.00558234
3300000 33 35770.2 2.12201e+09 -0.00492698
3350000 33.5 36314 2.18833e+09 -0.00433079
3400000 34 36865 2.25596e+09 -0.00401364
3450000 34.5 37403.3 2.32335e+09 -0.00357182
3500000 35 37931.5 2.39118e+09 -0.00284028
3550000 35.5 38452.1 2.45646e+09 -0.00316659
3600000 36 38990.3 2.52476e+09 -0.003545
3650000 36.5 39518 2.58961e+09 -0.00506549
3700000 37 40034.8 2.65471e+09 -0.00621305
3750000 37.5 40527.6 2.71752e+09 -0.00728815
3800000 38 41002 2.77903e+09 -0.00817995
3850000 38.5 41518.1 2.84596e+09 -0.00938796
3900000 39 42008.4 2.91036e+09 -0.0104754
3950000 39.5 42468.7 2.97254e+09 -0.0111271
4000000 40 42938.5 3.03846e+09 -0.0111931
4050000 40.5 43427.4 3.1091e+09 -0.0108581
4100000 41 43933.2 3.1845e+09 -0.0100659
4150000 41.5 44417.4 3.2602e+09 -0.00851019
4200000 42 44913.1 3.3408e+09 -0.00630046
4250000 42.5 45413.1 3.42008e+09 -0.00499587
4300000 43 45853.8 3.48705e+09 -0.00491886
4350000 43.5 46336.5 3.56305e+09 -0.0043042
4400000 44 46791.1 3.62975e+09 -0.00527967
4450000 44.5 47255.8 3.70254e+09 -0.0051873
4500000 45 47720.3 3.77427e+09 -0.00556068
4550000 45.5 48143.4 3.8377e+09 -0.00654362
4600000 46 48571 3.89924e+09 -0.00830791
4650000 46.5 49006.2 3.96184e+09 -0.0102045
4700000 47 49434.4 4.02521e+09 -0.0117176
4750000 47.5 49897.8 4.10535e+09 -0.0106732
4800000 48 50368.8 4.18012e+09 -0.0114092
4850000 48.5 50783 4.2658e+09 -0.0075381
4900000 49 51034.7 4.31123e+09 -0.00683562
4950000 49.5 51839.6 4.41073e+09 -0.0152214
